9405
2828
2221
5491
7993
4768
8868
8811
4457
4333
2459
3163
7857
8048
8862
4462
7595
124
9784
7549
1741
9464
9424
9415
6000
2303
7348
6274
6906
3829
1885
2868
7638
4653
9975
4770
5523
3181
3586
2020
3041
3423
7629
3203
632
2916
4061
7763
2281
7030
2325
8300
5819
3794
6717
7874
4411
9441
9890
4748
7987
5859
6358
4991
1658
2241
7326
6387
5665
1574
4802
2478
9420
8260
1178
6385
1864
2900
7790
9123
7394
5956
6533
986
3430
5410
6273
8816
2270
2682
9447
9654
4999
7214
441
3385
9854
6106
7163
3873
9107
3238
920
9312
4446
1267
8866
1511
5458
3849
3862
4953
2675
3323
5518
4179
7082
9033
1364
6120
556
1199
1355
6998
7255
6679
5525
1077
8078
5407
320
4319
6696
8688
2329
8959
9556
9546
2044
4355
1775
709
4963
9180
8503
2550
6552
4441
6276
5750
8372
4256
5838
9998
6420
9813
3789
7058
6301
8755
9138
9179
6231
3881
8094
3629
326
5261
615
1761
1570
4382
2576
605
293
8499
9583
9895
2713
5258
2634
5877
3964
3689
213
8786
6406
9821
2992
3045
2517
2181
8308
4365
5248
5210
6999
2848
1232
288
2610
2243
2156
1262
4282
9209
4326
131
4162
2353
9547
3226
1183
4415
3809
9317
4801
7343
1180
6699
5140
4287
5840
9683
6912
1800
3251
7178
4788
4887
8570
5573
1796
3349
1468
7250
468
4052
3
9426
9119
9467
2686
7826
2716
841
600
7791
5234
269
8634
5150
742
220
6607
2918
1829
8214
4187
6981
862
2282
7065
6371
2750
1743
2396
1243
7876
5454
4726
1820
4876
2292
3566
8068
8992
5459
7665
9747
8447
6664
296
542
6566
1087
3655
608
9152
2098
9657
3825
4137
6069
3135
3625
2752
5379
8024
7110
9082
7983
7108
6466
3448
206
3774
7658
3239
4954
8898
5356
6890
2430
5663
7168
2566
1046
3396
1033
1233
3900
5541
2419
7681
7868
8848
5228
3551
4850
3874
4097
1799
7744
5355
3793
4584
6821
537
8325
9347
2638
4509
7998
114
1255
2816
7181
6058
7776
3178
6170
1125
428
3736
3534
1528
6185
263
4189
8505
2608
7056
1564
5327
3951
1586
759
6477
2827
734
7914
2232
3283
4071
3145
4299
2018
4401
4266
15
7461
6527
313
5560
2488
8204
1949
8145
4751
4624
6240
1963
2708
3550
6555
9066
6051
6066
7821
6415
4387
9088
989
532
2226
6397
2792
7205
7196
4348
6652
8582
8226
7242
9181
38
1402
319
3570
3359
3348
5684
2107
4246
1133
2235
8248
1975
5597
9595
9563
4729
5423
8656
9801
300
5566
386
4074
9830
191
5373
8828
8040
4473
3533
4504
9216
6214
1481
219
2882
2725
7446
152
2790
9342
9448
9622
8941
7654
6062
6117
1869
317
8348
5312
5653
5134
7433
3877
3548
2032
3842
5792
7099
1736
5026
3206
9767
1552
6285
9235
3020
908
1790
2544
4289
8039
9796
9659
9929
6584
1078
8584
1152
5455
9423
9569
9155
8979
9064
5585
4360
8183
3886
4935
2145
7366
6049
8790
1523
1463
8535
7395
405
4834
6657
4366
2834
9684
7751
8587
1021
8726
7827
4072
1517
4309
1752
7829
6188
1856
9228
4519
420
9139
9497
7769
6057
1664
2355
5291
5222
8191
7296
9627
4160
7135
5654
7325
4077
2742
5697
22
4546
3993
1458
1756
6851
5285
2193
7115
6373
6712
3577
4377
4670
5238
5746
8752
2249
1429
4567
5853
1521
4982
8377
1707
992
1959
6526
4034
2285
6905
8199
8707
2976
9281
1073
3108
9630
2457
224
467
4283
9440
9662
7737
3390
6299
7671
8493
9523
5719
2016
3327
4121
1612
7966
5618
4558
2153
890
9333
3593
4073
5780
2883
5497
2704
9632
6852
4769
5275
7300
3401
1053
5595
4948
4823
6179
629
8118
5301
197
2897
786
898
6146
27
7507
3076
9045
969
9848
5165
1473
7778
2563
9224
2104
5172
1576
1332
4673
2485
7551
6264
1695
4288
8429
343
2267
5002
1198
6024
4513
1103
5574
3265
5194
483
3597
9758
5801
5936
3170
5335
7770
8729
3541
3901
4856
2052
4616
6793
8166
3447
7124
3044
1587
4317
9908
6829
5961
8313
4087
9744
1096
89
4078
1712
8446
2830
175
9955
7502
2852
2815
5716
8934
6554
2902
2061
3683
6479
2376
3983
44
4745
9832
8037
4989
4372
9995
1655
7521
314
832
61
8801
8242
311
2476
7386
5631
671
3605
2420
6881
1638
6326
1516
7756
4434
2117
8135
6030
6728
7152
697
6597
4496
6591
3574
9500
8568
1871
4040
8865
6254
1907
8664
7975
1536
6665
643
6172
7800
5734
4177
5944
8025
363
1972
2217
9422
9341
2013
9550
4235
5687
4364
6134
4321
7526
5097
8999
2569
9695
5270
5519
721
6814
6655
193
1032
5200
1175
538
4182
2681
6739
55
1644
4904
4719
4937
7004
2656
886
2853
988
2186
7657
6503
3493
6213
7358
827
6097
8808
9419
1467
8141
938
9822
6151
1701
5636
940
4010
6791
6248
4538
6492
8734
9665
271
8530
3229
3732
4471
6226
5239
7828
6866
6614
2955
6328
3663
3010
1685
4247
25
7212
9210
1898
5274
2482
1535
6498
4813
3738
1767
9672
8563
2811
7950
8572
6364
6405
1190
2507
5422
678
1503
8189
8929
6201
6781
7458
4031
5343
9715
6620
3185
312
3438
3221
9439
3539
2242
8640
2471
470
2289
3454
6859
7217
3488
6035
7637
5184
9049
3705
3592
6587
616
1117
6045
6888
6651
9463
8882
9035
1754
3213
8144
3270
1038
14
5737
5303
7162
7202
2623
8375
4244
78
7057
6072
4219
9669
6173
2271
5836
7095
2975
3784
2516
7923
1128
8516
9052
5161
6858
9258
63
327
6205
3799
3999
4947
9633
7747
1163
7230
6985
6621
6228
5622
4276
4200
4892
8745
2386
2616
5345
4004
5361
1557
221
7581
6306
6862
4362
5314
9613
9092
3752
7096
1173
438
7996
5117
9900
6936
1114
9120
9694
7496
5171
8899
2635
6511
6504
5505
7618
8142
7206
7233
2836
7585
3724
5532
7
6727
833
7066
1076
2971
8864
3555
9584
5935
5074
5887
3435
2814
8302
1600
1920
1757
7652
5182
3988
9240
4279
3674
2863
8994
2418
3822
8838
9077
9734
4201
3854
6324
8047
94
6920
9573
7730
4303
2407
2432
7128
3375
9269
7293
5247
5967
8133
6139
2192
8452
8309
8004
4443
8736
8833
5066
4096
7423
8401
146
188
6648
3231
5118
4358
5197
401
2637
8886
541
2981
4043
9980
9852
6412
6713
8637
7074
9620
8368
3332
7956
3413
6460
6894
4913
9421
5277
7221
2718
5892
3363
4479
6140
6766
1047
2929
6362
3072
7271
923
5842
1809
8243
7943
1953
6132
6702
134
9640
250
9428
9291
1391
3156
2601
4695
9829
190
3572
8857
3776
5903
1009
1960
9814
2835
3657
7875
4151
1732
4272
485
9732
7661
6440
5743
2658
2112
7024
2405
8347
3645
4792
1016
4081
1646
9918
2593
4739
6803
3575
8451
5772
1930
9565
4255
328
7107
306
1489
4008
2808
4165
9273
3722
7684
7236
1697
8553
6068
4117
9807
88
3978
1147
7777
1814
4435
2662
9686
1823
3421
1182
7117
5568
2542
9522
1872
9479
6361
2213
9787
2222
1029
4657
8366
3985
2862
1812
1747
5668
5168
122
5765
4198
9857
9090
6268
7186
7536
6986
302
9460
9253
7355
3328
2130
1456
37
6402
5139
6580
5087
2671
1201
7798
60
3672
6743
2504
2748
4573
9329
6634
1581
1699
7245
6807
2391
4119
5132
3035
8976
2314
6716
7061
2472
4700
2372
8153
9112
4003
7324
1946
627
4526
698
7050
5894
7819
7123
8069
6469
6403
7514
5022
9860
4311
2958
7015
4156
6757
4926
1995
2541
543
9412
3906
8046
9442
710
8036
6490
8784
655
7415
4974
8962
5463
5116
448
8099
3262
489
2096
3482
9962
46
531
8296
1575
170
1979
7796
4625
8112
5046
5436
242
5308
2551
8969
4743
8824
1944
8835
1404
5380
7075
2330
6078
6281
6762
7864
8607
9781
2567
5147
5928
9042
390
9783
2996
9381
3410
4822
2067
289
660
6176
1276
9021
5059
6458
1931
1580
7278
3036
583
2849
8794
5703
3338
6032
1595
3820
2384
3064
4908
9059
9809
7436
1028
8161
91
8819
4090
1843
123
5039
2302
2947
5262
7895
861
3922
5302
9377
3706
2523
1142
3099
3556
5035
5787
8927
4649
5162
5537
9731
5389
3298
3600
2494
3888
5827
6181
9053
9693
1593
5657
6279
1857
3412
3040
530
3307
280
295
99
8706
911
6256
2480
8196
4630
2945
9297
4804
7847
2785
2442
3186
8589
1017
3879
1977
480
1962
5641
6698
5358
4699
5372
6315
6806
995
8679
9403
4720
8154
4451
5413
7299
1127
7810
5177
3022
3928
1097
6925
8236
7438
1662
1109
3980
3312
4
533
3336
65
680
3254
1629
7774
5427
5230
3357
8031
8134
8876
8020
7931
9332
6409
3355
8483
1301
1572
6883
1669
9183
7573
3404
3926
315
4257
1758
7516
7081
6572
1317
2065
9374
6123
6594
2134
8884
421
8988
8301
6800
8769
8291
8367
8018
2369
7241
6578
2617
7067
7562
4080
7896
4828
7528
1427
5589
5671
1072
8643
5281
5791
3275
885
9022
6152
4363
906
4487
2723
3658
8944
8233
2028
2006
9196
5570
7403
3580
1410
4540
7450
8830
5960
3932
9826
838
2589
6903
1870
5357
7903
7858
8701
2880
1639
2115
1027
9671
6065
6848
2594
1677
2082
8873
4038
899
1244
7691
4262
2200
7497
4962
695
8082
9043
8522
2295
3620
3953
4786
7319
5911
2074
2190
7910
6006
6237
5821
433
3377
7143
2577
9700
2695
2680
1841
4747
2851
6672
6014
2628
6257
5722
3931
8180
4070
9450
4772
2622
1933
8596
8311
1491
186
8175
6296
4410
7345
569
178
5883
2371
2909
613
5044
337
1742
2583
9524
6484
5978
2214
870
4766
4730
7644
8065
9840
1113
7537
3913
6638
5945
12
1540
4645
5898
2891
3893
4988
8156
8394
9968
6798
8062
5984
5934
5784
4294
3872
4005
8428
8990
4159
7680
3369
2109
1294
510
4123
7564
6028
9555
7522
8663
953
8345
2123
3606
3585
2183
7464
1740
3708
5908
7633
2279
8284
5786
2642
3334
696
5608
5755
1343
9891
7688
4725
4932
8676
4092
2347
2019
5351
4302
4650
6704
413
5676
5982
7812
637
7491
8711
3271
2558
4692
7329
3850
6429
9698
4270
9928
266
13
1683
573
2180
2710
4122
3512
7169
1996
2875
5973
1935
1435
8580
9105
9217
1501
9361
4691
8466
1838
3478
3561
5504
1939
8281
9327
1227
8695
2403
9739
7118
946
3224
132
824
2876
9728
5833
7418
9507
1786
963
4968
5578
3414
323
5329
7717
2736
7371
2674
3530
2873
1715
7937
9512
72
4787
1737
7859
2408
8414
3949
4514
3300
664
674
2106
2215
9845
9437
4783
4025
9046
7492
3780
4738
9102
8603
9298
5564
6154
6820
7281
7256
3750
6978
2997
6686
2762
5420
2140
5545
4781
1272
9128
465
3615
8266
7580
5551
5959
1366
4042
5599
3725
2600
3691
6737
6333
3367
5738
1532
5781
1541
4682
2139
6111
4127
2108
1382
6773
4877
9336
2318
7207
784
1479
5320
7587
3924
6723
4428
504
5823
7919
5191
6815
3861
2959
8438
3470
3236
8843
1566
5549
4130
6033
9942
6202
5392
338
1424
2097
7818
1160
8777
2986
5229
1413
8802
1562
166
8888
5169
676
9263
925
6400
609
5650
4098
1020
4721
3613
1787
3506
374
366
5009
7967
9972
4232
5794
4118
9590
1440
1862
708
2351
9717
2454
102
3281
4196
344
2998
8129
659
6653
9738
6129
7981
1804
624
1140
8762
501
4560
6963
795
8100
6688
3202
9616
7090
7968
9069
9040
3373
3741
1597
1753
7038
5721
2636
2075
5354
9795
9901
5619
8785
561
1312
7886
7142
4779
5625
7109
1065
835
679
4847
2797
2598
8670
603
3284
7044
9190
1739
111
5623
5453
8211
4039
2548
7849
1505
2174
440
6118
8207
4749
5481
672
728
8743
6565
5212
4459
2410
6005
9579
5706
9531
4399
1477
9331
8609
5189
7414
2568
9189
3411
5180
3138
2599
3777
3610
8700
2307
9397
3477
5979
3402
1318
6749
1667
8423
3507
3260
7437
7772
5860
6564
4556
9817
9232
2943
137
2771
4115
8251
4218
1153
4821
6748
949
9029
2021
4842
7335
9981
5023
270
452
2086
6573
7887
4656
8439
7023
6043
261
3766
7785
1795
1307
8379
3104
5878
3171
4780
2679
688
2141
8457
8341
5070
2151
3528
7040
735
3483
9757
1141
2366
4260
3083
2794
457
7788
957
1082
7220
8009
1940
4359
3767
6954
5673
943
8775
7863
9979
3603
8887
4328
8329
8173
6183
3833
6588
2963
744
6194
2172
6509
5365
7495
379
9063
6360
3703
4145
5607
6603
1666
4807
7232
9425
2755
5378
4254
813
1827
6940
8138
6962
5031
3264
7952
4846
5435
5443
9774
158
765
6539
9800
4327
8764
4478
497
9763
7100
3021
5478
5675
4662
5609
1573
5763
8514
8261
5018
8398
9457
6759
5770
2039
1691
4129
7706
4044
9334
8140
2014
4376
5092
2659
1150
8916
951
774
3643
4921
1137
6637
2224
6270
7481
4392
1400
6846
5388
7150
2357
8782
7076
5837
6253
8253
6514
9259
2766
8432
5993
4736
1589
8338
6725
3388
7902
6478
1018
508
7153
7131
5082
2972
8767
7087
1454
3167
4103
3350
6346
1990
7210
8513
4865
703
667
3272
767
2826
5789
4628
6993
6488
4263
8896
7140
6449
6593
4338
7316
3420
2198
7435
1305
391
7485
4620
7552
8171
7460
9634
9863
8579
2332
2643
5921
2308
2712
2575
7628
9098
7646
6515
7416
8497
798
9528
5685
127
5095
9582
9495
8306
4485
4617
4506
1108
9532
576
6824
3405
2447
808
4776
4468
3038
5011
1278
591
8075
4694
826
3218
5677
1405
8413
8649
2053
8766
6811
2931
4112
6659
9658
2274
6288
5634
9566
6174
7489
880
9611
8412
7994
7520
8604
3274
5664
3542
1776
5332
1839
5938
5316
9131
9606
7969
8383
8686
3395
5391
2776
2664
2373
9396
8556
346
8346
1909
4564
5962
2147
5318
6359
5822
4805
1148
5637
411
154
105
3331
4224
3258
4956
1502
8292
6297
8984
145
1246
5510
7379
713
6794
3403
6946
298
1145
888
2390
5464
7191
1878
8343
1283
5796
8787
1846
2003
5322
9000
2306
6305
8608
3948
1764
356
30
7786
1193
5119
6628
1590
4849
2865
5404
8705
3263
3070
3698
1266
3127
4229
3337
5749
1560
5409
8095
863
4794
9212
7083
8654
5905
9910
429
6251
7102
6476
662
3023
9598
5401
1967
8305
1203
9288
1436
8041
8159
2993
6844
5856
7601
4714
3321
6430
5971
2005
3162
7405
3828
1213
9947
463
3105
3129
5553
4711
8532
9187
9888
7707
7865
2356
6169
1565
5319
1188
2121
7060
9188
2898
1815
6372
8147
50
3778
809
4167
965
2549
3632
8350
9371
9538
4537
5007
4851
6531
2072
2475
840
353
4383
2296
9925
8083
706
7175
385
6114
5924
5290
9871
2264
9667
6428
4066
2741
3098
5381
8079
2911
4274
4482
342
6764
2738
2874
387
1619
3935
5456
5371
4716
2743
36
5701
6160
3934
790
2647
8234
1487
5128
33
6131
6323
9641
9600
9966
5083
6747
3896
3057
3241
3834
546
1415
598
5220
2624
9257
8581
640
9499
6019
1289
1285
252
8150
1090
5965
7384
4579
3819
3495
7172
4737
7147
9443
2149
6340
8559
5778
8985
6031
8279
3165
9356
6433
4798
398
6863
3308
8518
8817
2089
5708
514
48
5955
1549
8793
4172
1026
4269
2284
1851
499
6348
4241
7925
3379
7962
1982
2426
4022
9701
1942
8101
1052
359
6772
2707
5997
8614
6577
7742
8905
462
8569
6191
3505
755
3496
2571
3352
1605
6542
121
9770
354
7447
8320
8408
9631
6857
8967
6635
9166
7440
7693
3278
4490
9516
7540
430
1008
435
9154
6149
8577
5889
6382
5785
4858
375
4243
4799
2260
6418
8072
397
4398
7474
1547
834
32
3936
4576
6714
8779
1070
498
3211
7398
6841
8996
1186
8911
9304
76
5474
7068
9434
4587
1763
8691
9513
5263
8169
7557
2923
2937
2113
6786
1642
9275
8152
507
412
2684
3441
4220
8917
2735
3517
6453
9432
7909
2989
1858
8139
1613
7794
2234
2553
5246
5029
3131
602
7478
9850
1392
4894
3419
325
5875
1042
1291
1681
6778
5522
5857
3885
741
1448
5055
1248
683
199
2982
5562
1592
6330
6945
6223
771
9287
5036
1672
3749
8541
9353
7025
8058
7964
2256
4265
4552
4021
1922
9086
1012
3491
1139
8336
7710
9044
3487
3341
5615
4941
335
7376
9008
4555
9104
3509
2385
1504
3962
217
4976
7942
4450
5294
9953
812
6203
9149
6473
913
4985
3952
8409
7193
9927
7499
8521
6548
9554
8595
2237
7112
6619
1603
4589
6982
7901
2409
5620
8117
6441
3037
4248
8344
6008
4212
1640
1449
176
3351
9161
24
8714
9376
7524
9911
6339
9710
1731
9675
5862
9480
6319
2367
9223
4785
1837
7392
4068
1050
5170
1322
5126
6067
881
9200
1300
3560
281
109
3510
6876
9111
7380
4371
993
2697
9176
6784
630
6462
1618
9773
3667
3240
5939
9417
9326
7332
681
6977
6413
265
3827
9592
8692
4124
8034
128
3891
6729
453
6917
1342
4084
3608
9919
2118
5155
4818
4750
9055
6232
2672
5977
3128
789
915
8502
8904
3389
7599
3066
777
5565
2561
2889
8685
2458
8433
5315
3728
8923
2258
4884
9748
5927
1835
2935
5937
3153
2163
7511
3894
6710
5076
202
184
9205
2150
1061
4686
1437
8902
8216
8847
7154
9838
8256
2869
3219
2574
7873
4059
8724
5612
7388
1222
9469
553
8602
7003
6349
828
5649
9226
8255
6130
1004
6741
5483
4136
8891
9358
9375
2326
2932
746
9841
6610
2800
8017
4570
8331
3972
7338
6039
8879
739
292
4969
3582
7945
9790
4837
2158
4796
7385
5447
5581
5930
8151
5793
2142
7616
7431
7315
753
2078
2406
2452
9211
5199
1544
8178
172
3707
9802
9272
9097
7816
2041
9836
6812
5146
3474
8723
7543
5028
1319
404
3139
8626
4609
9159
7239
8529
9009
6454
7651
9656
8964
5387
7020
9941
6544
2417
4094
9591
142
310
6860
6833
7797
6187
6861
1802
8924
3003
966
1446
2066
7167
3687
2177
2199
6976
2831
1879
3489
4102
1554
8303
2913
8907
1919
7258
4778
6003
5870
7512
5888
4384
5517
3718
6733
6643
7727
6171
3471
7257
882
329
9286
2995
459
336
8219
3536
990
6104
6094
921
2029
5103
9685
8016
7303
2364
9475
7399
403
4404
5774
2907
4945
2436
3249
35
5125
657
2655
3595
9031
7529
6546
5754
3467
7451
874
6961
490
4633
1013
1081
2899
7470
7547
3576
9589
3406
2887
4970
1746
8488
9517
6887
4820
7736
7960
5783
3702
471
416
348
3817
9072
1688
7835
5432
5526
3498
4827
3523
6839
6966
9116
6316
2462
6034
5461
98
3285
2524
6026
9938
5871
4239
7476
3228
5788
2702
3609
6437
7079
1245
6464
6731
8803
9041
2717
873
3455
8227
9124
8909
6219
4050
6442
4874
7838
3958
3675
5757
3329
9542
119
7368
6929
4466
9478
4566
113
4623
1374
1876
2520
5847
1648
5990
7530
7429
7356
439
8900
791
3418
4930
1659
756
5771
5441
2798
3956
7037
249
6294
7016
807
5744
381
4277
3463
1988
930
6751
4574
853
299
8586
3839
7762
1478
7734
7266
7656
4498
6724
1637
8910
6083
4803
1308
7487
1346
4755
235
2530
7323
1863
645
6147
3578
7036
7509
5976
2167
4966
5691
5852
7869
5068
5406
9902
2012
5027
7427
7721
2342
4016
1298
1154
6879
2727
8444
3074
2703
5652
2157
6756
9106
2964
1674
449
8639
7611
516
8007
3688
5008
8470
3805
8770
3293
4910
8114
7501
7482
8618
2171
5576
9206
7743
6046
1985
7452
7555
2009
6980
7643
7268
4641
2915
7252
3830
7304
4957
2469
9079
705
1296
623
2614
4408
6666
7673
1250
3267
4340
2481
8599
7984
3565
5206
3210
9487
1161
3740
4655
2341
9599
5858
303
947
8123
2063
1577
9855
9580
8096
7026
6871
3324
8697
903
2676
8925
5450
5884
9808
4638
5588
6190
1720
4053
2804
9577
8731
1304
8543
562
8021
6148
3154
155
6115
85
3744
18
8980
7723
7767
6195
7701
8730
4486
6480
8107
9780
9182
9811
9754
4767
5705
7390
6465
5511
5053
7612
3594
7722
7041
3537
7594
937
5282
9344
9825
1202
3995
1279
9365
5975
751
2283
3856
5324
8185
3067
6122
6623
3916
7871
5485
5304
6599
7781
3499
7442
9843
6703
4740
4791
7532
163
2185
1623
8883
797
4312
8106
1854
2678
8931
7018
5
5403
1039
8611
7760
5040
5016
4207
59
6452
3895
1855
6314
4868
2661
8942
9108
4952
4477
3268
889
8146
4832
7187
254
9252
51
6355
488
716
7839
6562
7283
8392
7908
690
8361
9623
2644
3504
3314
9399
7720
7490
2088
6321
5947
7985
3668
9963
6243
198
9295
4394
5402
9673
106
4870
1174
8677
9858
5739
7011
5854
2324
5288
2048
3626
2859
958
383
1993
6471
276
1105
6543
4533
6951
4335
9533
8042
521
6899
4211
2176
3960
9778
1512
5972
4838
6838
5809
8126
7615
4811
2045
6023
9697
610
2938
6921
7432
8223
3343
8038
287
3120
5580
3559
116
5660
3704
769
6590
9125
7672
112
2413
7930
1966
1999
7412
941
6436
3061
1816
7609
7151
6081
1734
29
4193
7320
2556
1347
4461
4395
3191
5901
7513
3887
7425
4176
2521
5690
8966
3432
7789
5610
6278
8373
6516
4809
2694
818
5864
4014
4089
1765
5099
3756
3196
6880
3077
7448
2269
2767
6990
7363
9505
6461
8712
3269
4575
2208
9924
7795
7634
5084
1824
8225
8754
3604
5012
1515
2546
4267
7846
6721
3811
7506
394
7364
3779
1495
5417
2537
3898
419
8109
6127
9151
8771
9303
1136
3322
1973
6541
9637
8288
7621
7538
4718
5912
1626
8137
4986
1069
135
2941
8591
5235
773
1906
2555
3472
4291
5164
1187
7248
9605
2980
6389
7085
4035
3309
1393
4862
2057
2286
1719
8721
9957
7307
7014
9103
392
2218
8259
8855
8826
2127
6646
6354
6475
6011
7287
182
5717
5346
3183
2554
4417
4373
6212
6
4423
9586
5289
1568
234
9536
3043
6983
7078
4883
8590
7104
9148
8200
8797
4895
4197
1010
3543
981
7596
3686
5272
294
7410
8947
4339
967
3172
3769
1686
8872
9776
1242
8456
7613
8631
395
8920
1542
6570
8737
4273
7539
3246
7570
968
248
551
1155
8484
1910
1135
3026
2967
4669
4644
6331
9073
3660
5651
8704
7195
9027
5439
4331
2440
2433
6900
10
6595
5149
5598
9343
597
8132
4919
6153
891
3581
1421
5672
6525
1176
1326
2431
3366
9704
9635
2953
4507
1060
959
2
225
6919
243
7944
9265
2948
9805
3684
2043
3075
4009
4351
1003
3721
1200
4330
7589
6200
7577
6272
7357
939
7342
2505
2102
8495
4518
3966
7341
9518
9130
9290
3234
8402
2536
2604
7669
2722
6247
5524
6245
47
8935
8202
7137
9360
8943
7664
5110
4612
9074
1
1282
1438
7973
3733
656
31
3197
9283
5063
6518
9508
3579
4107
723
3508
5225
1807
5348
4866
4603
711
6939
189
3803
4687
2690
3277
9109
2379
3884
3365
5181
4334
5486
5113
3838
8044
5702
9483
7928
9952
5666
2001
4698
5539
8651
3867
7275
4597
3248
4426
7822
4610
3100
3915
2456
3547
8630
3503
3330
4867
2301
3729
1459
1751
6064
9316
8231
6874
9506
6834
7941
6059
5323
1968
8148
7043
5906
5306
5448
9537
6431
8537
8566
3490
1384
4723
2581
4015
4141
4238
7009
4795
3149
5192
2906
1321
896
9402
192
4690
1525
9511
7244
1485
6137
8806
1230
3927
8813
2194
8217
2017
823
4942
2037
9094
4547
5434
5582
5271
5548
110
1624
792
3726
8665
8430
4135
6448
9915
8760
2730
9674
918
1897
5931
6817
6144
3084
1998
860
7815
1063
4906
1452
6224
3651
593
5745
5058
2619
73
3078
1095
1882
5679
9791
9624
6941
6235
5647
9301
6351
5712
9355
7510
4065
377
2049
922
7005
7806
9395
3826
2336
410
1700
4532
6553
6487
8419
4583
9570
6549
3751
3466
5512
3325
8435
9959
7856
2238
4712
7237
9362
7270
6965
2878
4284
2294
8164
8492
4571
4361
8510
6650
6782
5661
884
9307
7322
4489
6007
7804
4983
2036
5728
9147
6561
8162
6611
9150
7735
2956
4454
3121
7576
612
7086
4271
2607
9493
1698
4028
6805
4413
7190
7346
7263
9451
5882
4126
1733
278
4923
458
2374
9488
7170
6446
1550
9794
3851
7959
4385
2395
6189
9456
6726
28
7732
2467
2046
5873
1138
9644
5203
7678
8167
2761
8993
3997
9168
5841
7047
6671
6932
4614
1287
9519
3279
3475
3998
210
8718
479
9056
6769
2765
6265
901
185
4853
4420
897
843
5364
6345
4702
3446
367
9292
8027
3748
6338
5390
7912
3502
5732
6222
875
2387
1035
5237
6425
8952
9271
3306
4002
1921
5079
3921
2093
7905
6557
3772
2757
972
3397
6417
3179
5861
3220
4484
6560
2416
8922
8914
368
3090
8290
444
1774
2236
9769
16
1507
5408
4075
1098
4515
5368
2925
6520
4083
7533
641
652
2438
5256
3042
914
2731
8822
631
8205
7852
6052
9357
2782
1377
5091
5552
7805
7779
5815
49
6752
8293
5546
3469
6424
7340
5111
8208
9982
4631
6598
2451
9134
7158
9792
9237
3150
203
6167
6092
9498
7290
8968
7606
5514
4431
211
8356
8201
6155
5828
4534
8186
3054
7477
4464
6239
7842
814
285
8839
3831
8588
4642
7626
2526
8919
5062
8633
1071
7992
7986
1865
1709
2423
6320
4881
8761
8045
4221
6447
2023
4605
8418
3553
5000
69
7132
8187
668
8623
3215
2772
6992
486
9719
7850
669
4140
9753
8316
9194
2649
2884
5600
8746
5090
5981
7223
9114
1019
1483
3243
7726
2962
104
4458
5415
2229
1915
779
8549
4245
1043
9084
1980
5386
4761
4602
985
4149
8840
9712
2728
699
8182
7898
7913
1194
4861
1399
2846
9296
1911
8334
7211
2651
9886
1810
81
1277
4499
2781
5932
5761
2022
1126
7583
3808
5109
4857
8867
6788
2952
9207
3225
5563
570
9997
2944
3371
7675
2345
9749
5490
4958
1486
7479
3933
1671
4055
887
5992
1079
5287
7534
6021
2744
5034
1353
975
9930
2538
1447
9171
9702
2393
7653
1238
5812
9804
7226
894
7604
5325
496
8690
2212
3734
432
9819
3242
7836
5421
6660
9202
5254
3987
8515
8458
7650
6602
2861
2917
4023
3681
577
1080
1206
7645
454
7799
9047
1164
3230
859
7201
1616
8825
6891
7553
7468
7705
5699
6975
1237
2421
567
84
2359
2934
8617
7892
6101
7766
1212
5724
9471
9255
9184
3289
6381
9146
8299
7771
6579
5865
6558
1918
3056
704
4242
9095
6832
5214
9363
7179
2965
7689
2159
4436
877
3693
2793
5219
4186
7101
7740
9178
3624
6502
6143
6873
5751
3876
6627
3017
3903
2578
396
2166
5645
4433
9879
8192
5698
5727
8496
8820
140
380
1806
1067
5370
3252
565
208
5333
1439
6177
9416
9917
5273
6163
512
2262
3940
58
1591
2844
7265
976
3008
6135
3053
1455
8304
4955
929
4762
3059
3109
4742
305
7089
7972
7054
9174
9170
1696
8246
6180
3878
6138
6357
2585
1706
2073
3473
825
2525
4105
2519
3425
5863
517
3245
2205
6918
2625
8273
9607
5080
3476
2784
4990
804
9101
1984
3479
7035
4030
8708
6613
7889
6608
5798
6668
8091
2692
6215
8963
3018
5405
4465
9645
101
7999
3618
6819
1157
6073
7831
7282
878
3710
9256
6077
7619
4722
2847
7663
8388
2024
8486
8158
6884
9352
5816
4752
5922
9418
7475
6423
9038
5813
7129
8454
2795
3001
4181
7559
4502
8687
4250
4529
4292
1270
8278
9229
8854
4771
2685
9250
6528
6956
64
997
5544
9603
7430
1112
6267
702
2129
9459
5072
6830
7285
1256
1913
92
1303
9870
1651
1543
2531
1610
3783
144
426
8177
3148
3151
205
9939
2759
3049
9051
9824
5688
2591
945
6538
9280
5313
1883
1630
1149
8684
6375
4494
5963
5231
9986
473
9404
4406
1168
9978
3700
4994
8536
7704
7286
1273
1457
3157
3426
52
1219
7728
5587
3132
2864
1926
7413
8977
5818
8467
6816
1818
9024
650
6559
9260
9017
5942
7176
4704
7400
3715
8307
4855
3908
9492
1106
7139
1969
5101
800
9894
322
9581
2747
2562
5086
7280
3571
2502
6823
6530
3065
5489
2832
6644
1240
3437
8077
1888
3649
1185
8487
3946
4437
2720
434
6313
1031
2015
9837
5440
8598
8932
6785
3019
165
5839
7567
1744
1211
6186
3588
2856
1784
7830
2164
2855
3735
2693
7582
487
4627
4629
1450
525
4463
7915
4724
2626
7106
3155
5648
9409
9708
9078
4474
7881
5968
7631
5030
1177
6124
8357
6630
754
4067
6133
8210
1759
9578
240
1418
5160
8986
8294
443
6244
3589
1961
821
5980
2740
2085
6701
1231
9091
4554
7854
7897
2719
8011
2819
7578
4106
8102
1974
7979
4559
7787
8203
2968
5579
979
8573
1162
2910
2565
1223
5806
5437
1941
2265
2051
5107
1952
2392
2813
238
4727
554
816
1513
9729
177
4572
3305
8946
1260
7189
5300
1430
1877
347
5494
6091
6654
619
7893
1209
1693
9372
9227
7198
6971
7333
9905
849
1791
2632
2290
1433
8970
1054
4342
2360
5120
4510
2509
9984
229
4674
3737
233
4973
461
5236
1074
5374
1645
775
6126
3106
2321
7027
8641
3048
4703
552
932
9014
1819
4285
6217
3857
1545
8953
4639
9946
3434
6667
8238
8669
8800
2287
3387
3676
7982
2255
5397
8268
6568
6184
549
6025
5917
2885
214
1172
9785
6979
7579
7884
3852
1845
4845
5344
7246
6238
1714
2758
4249
8890
7116
108
1772
4481
2305
7642
4860
4784
2322
8552
2961
621
3158
9789
1030
9476
4651
5655
7059
1401
7134
1748
8710
6411
3791
6742
1797
8479
5674
3768
4275
7761
7793
2427
474
524
1927
4577
1703
6016
4717
5468
4378
3890
4093
9370
3442
9899
9885
1840
2895
6849
5850
4018
9868
4152
6337
9862
6606
4226
4400
79
757
7666
658
1530
3253
5776
8459
1040
5602
4886
9983
8026
8328
8358
4183
9548
607
3902
4188
1420
9299
7146
2273
5284
6922
563
7297
7698
9081
4666
6801
2161
2429
8796
9587
6674
2777
350
5538
9135
3601
1723
5758
5089
8056
8836
1567
2497
7166
518
555
4844
2033
3494
3313
358
601
3207
2120
4412
333
7302
9510
9725
3276
2870
7953
4681
8991
594
9856
3295
3194
195
230
1367
7209
2253
8858
6494
7088
5974
2597
5513
503
9026
2499
9028
9864
936
9127
2483
6681
6218
3911
7548
4019
9489
9889
1556
7192
651
8252
8073
3079
9245
8013
8523
5449
973
8461
8827
924
9429
9096
9452
1310
6937
1354
2084
8926
17
6501
222
9937
5503
4708
6162
1001
845
2657
1338
7813
8995
4565
6012
2477
8224
9664
3025
6853
1533
9810
5559
9016
8526
665
7077
2590
5987
1259
7488
7294
8658
3381
3638
6693
9277
7184
3443
4728
8443
4453
6286
6150
6050
5173
341
8404
8172
4460
5135
6363
1466
7073
5572
1987
414
7845
7940
9970
7745
2298
93
1395
7203
8160
1385
6467
1387
6110
8667
6864
5131
4230
3977
6719
6322
3458
942
4553
6457
6398
5001
8551
1602
7279
5064
2411
509
5998
3712
6604
6994
1371
9977
1295
2974
8319
9985
7185
3659
6298
6776
3068
3739
7010
9545
9515
7260
1766
8645
1102
5686
6037
5224
4959
8057
5500
8464
1497
7938
1330
778
9714
2099
7588
5575
3431
6625
5682
9264
2726
796
1780
5096
7801
8213
987
6796
4164
544
7080
5729
4314
6521
4812
868
2670
9786
9472
7389
1847
2092
2346
1197
1158
8240
9391
3800
442
9501
1992
8780
3408
6685
2268
3529
6491
905
4949
5157
7870
475
7381
4375
3929
369
788
7602
2843
4688
3353
2002
9772
446
9486
3844
3644
3027
5336
5880
4871
316
9988
4508
7921
1905
4897
748
7466
9378
3835
9597
6142
2137
9369
7503
5412
4170
6718
8265
1002
2047
4819
1641
8821
1129
3092
5309
2094
1978
8722
5201
8480
7224
8856
611
4253
5867
4143
1257
9973
215
3209
1614
6121
4306
3564
8491
4353
3085
950
5920
6107
648
6684
3897
8043
8908
847
8060
582
4455
8212
7957
5385
3415
7554
5704
2825
6957
7455
622
6192
9541
4379
8938
8190
2335
7802
4615
286
6877
6029
5442
2979
7463
3511
6836
8494
4939
5718
8894
4790
8501
1341
8416
4100
568
3612
2077
5969
257
2293
2818
4829
2711
4545
3193
5926
7860
6390
8051
6199
7531
9877
3429
8912
9884
153
8703
5953
6283
4971
7591
9797
8168
1226
4307
5292
173
5253
3033
7238
9765
3125
8282
9186
2921
8578
7165
1376
5143
780
9643
8666
4493
7906
2071
1773
2666
3222
6875
6250
1874
5424
9323
7247
8989
2609
7833
8176
4775
9100
8407
3290
6856
125
1451
3164
7374
9284
1738
1229
1981
7614
7627
3617
4654
5540
8317
159
4831
74
6505
5376
1894
4944
8263
2228
1388
7125
3096
3558
5742
3787
8015
8113
2425
7832
1423
6865
4536
4231
9803
6893
1414
4933
4600
9746
1500
4171
9705
9948
1970
3760
6787
5680
956
6695
6626
6770
3063
6396
9221
9612
983
6682
1825
7918
8323
5747
2259
4452
1086
3522
7574
2397
7515
3427
6263
1621
6410
6233
3815
5377
758
5317
8359
9964
1156
9309
6569
19
7182
2648
1718
5233
5844
7365
2334
6495
2338
1204
6426
8982
100
7049
1269
6694
3845
2412
450
2202
9239
71
8741
1989
964
9068
3786
9032
7961
9912
3716
3152
8555
8406
2595
1119
9468
7318
7254
6933
1431
6896
21
4389
2278
4951
7971
3864
5516
1214
7840
7428
3671
39
1890
560
7714
2220
846
4977
9626
7976
9020
5804
4701
7052
8738
712
2168
763
1875
5550
4281
9222
3573
5766
9761
5611
1434
8001
8071
5299
7444
9234
3630
1635
3168
6112
6774
3062
3650
1983
6443
737
8274
6353
5899
3880
2949
595
2169
4753
5741
9433
6949
1210
187
2942
3961
700
1417
8750
1928
4680
7273
2667
8841
2030
5400
1649
7274
7568
803
4344
8403
9950
2132
3004
4278
355
536
1771
5098
3484
8740
9625
736
97
3480
4696
7111
8355
1945
4512
1991
3633
3869
9642
7034
1657
4815
9730
1860
3937
1569
513
7883
4774
996
935
9874
961
3664
6997
9961
7617
8815
506
2514
6995
2665
179
9965
4618
378
6897
2133
858
6404
3795
5506
727
879
3200
8128
4731
4138
620
9306
1252
1527
7180
2573
1124
7997
9070
9756
307
502
8818
4929
6735
5457
4756
9699
9268
519
8116
8632
382
6165
9373
6882
1916
1831
3730
801
4424
5940
1472
4882
1089
3515
6837
7426
2328
1817
2227
7219
7372
7225
260
9384
7243
3942
794
1134
150
2007
3080
1057
3514
9751
7636
4290
5396
1690
1263
1721
2340
2490
5509
2311
1363
2645
7974
8339
6208
717
5669
731
5142
9477
7249
4268
2170
7563
1378
9359
9971
1068
3024
5205
2602
8709
9846
574
2116
6369
9876
9560
3818
912
1893
2850
3616
5286
2933
1394
6329
9270
5183
2450
8601
2461
2706
7063
6692
9474
2985
8918
5010
5057
535
1101
6229
8576
9745
9446
2175
9076
5073
87
2615
1169
4421
3765
707
7456
8110
2500
8698
6269
8829
6615
1599
9818
8318
2547
5843
4001
9453
5983
117
8120
4613
3587
9398
9219
799
2069
2629
6596
5425
2539
8574
783
8948
3166
1964
8342
3590
3500
5989
5621
9389
4088
472
6018
2677
2317
9651
4596
1943
1132
5948
6421
2969
6386
8799
308
3692
6563
5310
7359
2746
2365
2389
5558
8619
4216
8997
8788
1324
2533
4007
8198
9213
3661
6633
8244
4965
8059
2559
1717
7114
1836
8533
7527
5521
4109
7347
3909
4934
246
6855
1261
8415
339
6456
3029
4950
2714
7922
2493
6927
2754
6889
1471
4608
8520
2540
9414
4659
4199
3124
2040
1360
6310
5891
4472
7408
3028
1951
2152
1954
7954
5799
5670
9722
9392
3039
5445
6777
8699
6343
2184
5226
2143
2124
6755
2957
7369
7480
2008
2700
2756
9703
3261
851
729
7130
6236
5714
5914
7145
9752
701
4632
9766
6901
8758
1406
8424
6063
8399
685
4765
3714
2455
1370
4551
7382
5269
4407
5366
9484
2128
3914
4393
3356
4210
6753
2871
5762
7685
5826
4764
6683
5594
9345
4049
6197
7417
9126
564
8506
7542
1745
9601
8391
8468
4636
1936
1110
7298
9762
8170
9473
6399
2669
9278
8067
156
2930
4020
1548
7094
3680
7484
1908
1684
3631
4295
3917
4557
5398
1184
5487
9922
6715
9504
4522
8680
9875
7575
3832
151
7092
1453
3764
5145
4439
3073
2331
321
9285
1848
694
7649
4414
8504
4161
4826
1801
4516
8971
6850
259
3315
9887
7900
3907
3866
584
5681
3955
7459
384
5803
6141
8321
9248
733
212
262
4261
4683
3602
2025
5730
3727
4227
2210
7164
5241
1887
5069
6284
3679
4840
617
4660
1726
6950
1218
587
3468
5868
4445
7709
730
2633
2560
7765
1778
4095
7700
691
8103
7071
8693
284
893
1551
6847
8074
2363
5775
1656
4192
7843
6835
7360
1634
4530
180
3368
8381
5052
5295
4293
4843
752
9057
4056
2266
8478
9798
687
2908
8851
1352
3584
4836
4549
4036
7697
9827
7620
5919
7965
5426
7948
8054
8088
5933
7711
2188
7393
4228
6987
9461
5166
3996
8519
2592
4925
1762
5399
8315
9203
4980
1769
2769
6669
5617
9897
6810
6496
1519
8434
3094
6002
9294
1059
5802
1652
7272
361
6259
1842
3116
4622
1234
3030
3117
4864
6571
1492
2398
4447
6474
6624
7229
9121
7592
6771
575
6275
6677
318
3758
8940
7754
2515
2095
8014
2751
6909
6930
5141
1144
8473
8733
7719
3119
3527
5590
1896
9880
1508
5515
244
3101
8337
3665
511
4320
5395
5255
2402
8445
9872
7051
872
9013
6935
3180
2926
4214
2806
204
1373
9018
7566
7013
9133
8861
3102
7213
3445
5520
8583
5829
1798
7623
8477
218
5452
8119
4045
6761
77
2196
7755
547
6216
2838
9759
1247
3868
8812
8105
4505
2489
866
2060
2596
4782
3947
5167
776
5874
7483
2111
5658
8747
4046
7703
9220
5740
9172
216
1461
334
9572
8262
1264
2191
364
7062
2789
7199
5530
2146
7070
3912
1151
6486
2534
3440
2204
534
9831
9318
4012
1350
1783
9075
9039
6931
42
2059
1048
8965
1475
6207
2673
2344
7029
566
661
766
1265
7823
7420
9388
6775
3759
4693
4213
6266
8269
4588
6869
1735
3945
3646
9779
7301
6923
7682
7855
7500
1284
3742
6581
5986
7337
6576
8635
1520
7988
1899
3788
6691
4144
5045
1241
3640
5731
3563
781
9048
4029
6631
1668
9647
6661
6481
1873
4456
3143
9549
8528
5268
6676
9617
1411
3409
4175
4180
5627
161
9847
5431
3982
7933
3975
201
2543
6262
5067
11
2216
8050
7072
8597
1628
408
7218
6341
8600
6828
90
5186
579
9969
2327
3069
9750
9192
1867
3360
2119
5985
3031
5577
7598
138
8783
8814
9407
4810
3516
4713
1196
7934
7655
164
7000
9881
6808
2579
8792
1782
3599
4380
5834
6708
9267
3232
4251
207
9562
5383
1702
750
6098
7397
1362
422
4215
8241
5243
5493
4313
5531
5227
6768
9003
2154
1729
9411
3214
9893
23
8442
2646
3513
1633
7569
7240
3433
6958
2291
371
3970
3453
6673
8500
9777
4185
1313
2894
9246
9012
4601
1923
9878
5605
7758
6754
4142
1687
8627
7149
5266
6463
2114
3449
7439
1749
1518
9931
7505
4825
1631
2496
2799
6383
839
9711
2299
9588
5824
2354
4585
1251
539
3747
900
4388
6408
2027
466
4582
2435
7204
2368
3383
5946
8748
5601
8853
6379
4744
200
4402
4677
3444
393
9328
8369
5895
7352
2709
3294
5363
4352
9799
4133
6432
6099
5102
8218
726
865
9990
962
9001
9004
3677
2468
6027
7622
5988
8076
2404
9379
8194
2901
6009
1539
5584
3535
4594
1093
5502
9934
297
3549
8804
8527
8396
7891
9144
5964
9215
2768
6943
2824
360
7593
8005
2339
4580
8657
3174
9010
2951
7469
4918
6307
7308
2687
8620
1339
5038
9208
8772
4153
4000
2348
2470
8257
2064
3326
7402
2126
2207
3622
2654
7377
4190
9393
1249
1369
589
3339
7917
6913
1770
5105
7138
2822
1705
6872
5808
3345
9916
7373
1934
4076
4732
8720
8351
910
8436
3340
3882
6947
3259
3237
8903
1583
6088
2984
2630
5693
2854
9823
3005
5473
8298
7837
6968
3380
8525
4209
4898
4927
7174
2337
725
3450
5499
9926
1781
8763
2377
558
8895
5297
8365
8070
856
6209
5929
9156
3545
871
5869
2745
2122
3792
6378
8930
8975
5678
5042
3685
7773
4438
3335
2081
9907
5496
2361
9311
251
3781
590
4525
2890
3384
3201
6500
6102
2650
9688
4264
9160
4381
2058
5307
5144
2867
9650
6280
1460
2388
4816
2136
1660
714
5571
677
4848
5966
3910
1236
4240
4337
4911
5244
3317
6303
2138
1654
5633
6395
484
7334
6547
7625
1499
1005
66
3813
6308
8022
4715
5881
3871
1484
8437
6295
3954
2580
6241
7033
8498
8386
3311
2612
7926
5334
7262
8400
673
5529
2527
4678
1166
9760
6038
9834
1584
5855
3173
8542
6706
5810
8029
2448
9954
3969
4430
9233
5769
7899
8983
8108
9339
183
8410
1750
8661
2734
2087
8877
4054
9944
1490
4157
9933
7119
9646
3146
6497
6670
4237
9949
3746
1216
974
1325
1359
9859
8846
2250
5795
4817
8539
9689
4852
4079
5726
9338
8131
5713
1938
1785
5814
3374
6079
9019
1768
6416
8028
1924
8125
682
1494
3790
2508
6700
8420
606
7920
6540
6575
4916
9561
4569
4598
8111
1617
6109
4517
3286
5915
8871
9132
9619
3843
604
3161
1986
4305
6193
8340
3797
2042
3821
6523
6732
6004
9308
2378
6582
3112
1274
647
9996
6368
4158
7127
3557
1351
2786
6056
2246
917
1011
2449
2487
6813
8389
9681
5156
2219
3176
970
4184
1293
9828
1386
1408
4541
3647
107
4280
4592
3971
6535
6388
9145
3407
9670
2189
3796
68
5153
8387
8713
1006
4907
6972
6928
8295
1280
5003
8097
3923
5831
5414
3144
3282
5037
5805
4501
9030
2080
4590
7784
1316
370
6618
4975
9367
5606
1120
4671
6911
6445
4903
6020
581
7042
599
1024
9509
9733
761
6589
4981
9716
209
5328
7467
2257
3883
6507
7498
8390
5121
2783
2251
4758
120
4599
5249
8174
2857
8283
4298
7344
1143
8534
8524
9999
3773
8090
1880
6878
1895
5198
2272
4593
1892
2879
1340
7916
8431
3400
3006
1594
167
8237
6234
8188
1625
5298
3501
6952
407
8397
9768
1965
2787
7222
1104
6204
2724
1728
4448
3562
1306
978
2110
9140
5768
1558
3798
2603
4707
9706
8385
2428
6350
241
3694
724
4697
3614
3492
1534
9266
500
4116
7844
7667
9687
2231
4938
6136
445
6221
1779
4920
8287
6291
4128
4318
2050
907
4329
3354
5583
6334
642
7641
6988
2978
3598
5471
4917
6455
772
1115
9324
6675
745
5603
4166
6439
515
2068
2778
2701
3846
9061
5999
5264
3464
6344
4343
5213
7639
3364
4194
9898
256
7866
3841
2904
4169
1224
7292
7518
7228
7546
6022
1075
2774
902
2749
4114
9904
2197
7215
5460
1727
6071
6060
1390
4741
9177
2529
8675
5604
2414
6161
4163
2443
5626
2230
7069
279
1506
2513
2209
3204
2034
4425
7121
9723
1488
8842
5218
1051
2380
3959
4310
5338
2105
5024
9368
6391
5259
928
53
5480
4936
9164
3160
9380
3055
5350
8673
2805
1912
1254
3133
1844
3256
9364
5943
3134
8053
4648
6991
3103
9743
7607
6419
6370
6907
3836
1116
3554
5127
6636
5567
4626
1955
7155
5033
2905
2261
9540
4233
2639
8875
6617
9394
6206
1025
1281
7775
7783
1336
9036
5207
636
6293
9065
2823
7679
5465
4733
5075
1811
4013
1290
1396
1100
3757
2764
693
4912
9315
7808
2288
4033
8476
9231
760
4356
6074
6640
6843
2802
7890
7635
5846
2444
4511
3591
8380
6061
7878
7729
3519
5017
7494
4483
9080
7234
895
6394
1205
136
7662
8209
1889
3990
5640
526
810
6125
2277
7724
7259
3485
2441
9741
9726
9386
732
4057
7561
8823
147
3652
2733
8554
8012
1853
6984
226
9406
5283
8548
5904
1253
3192
614
1692
2465
2936
7911
7958
7141
7880
3860
7312
1275
3247
8735
6311
8878
3611
1526
8719
8064
5635
9638
2837
482
3669
6164
7814
3012
8550
7608
9366
7660
9348
8405
6645
4531
944
7692
9165
3538
2613
9136
5797
7002
5733
5477
3678
1730
5991
4548
7894
3310
916
4195
83
1620
5296
9494
4108
2922
7419
5508
8230
982
971
9238
6422
3015
4191
9199
8937
5501
3531
2780
6969
4024
2400
1713
743
6642
1239
1088
7391
2586
8592
4961
1678
400
5614
4041
670
9162
6070
3973
4878
9089
118
7019
7378
5340
268
805
67
5349
3460
1192
8881
6639
1443
3107
7741
7676
5174
4357
5752
7970
8485
1179
1146
3925
6182
9173
9676
5849
1083
4562
9553
8264
8276
2587
6534
5469
1122
372
8297
6242
7848
8450
8901
2225
423
9015
365
115
6309
8616
1886
345
1636
7757
5056
9142
3634
505
1704
2083
7194
3967
8363
4429
1323
8080
3223
8333
9849
909
1189
1036
7519
740
2054
7314
3399
8798
4409
7354
3320
6687
3863
5970
6513
9835
2011
1049
4178
4154
9050
7046
2810
4978
1538
3233
5725
5913
9666
425
8789
9976
793
8181
9539
9167
2350
9274
7749
2999
4099
1159
1832
4665
3301
3198
9458
5279
635
6168
5217
3136
5542
2584
3526
7370
2652
2211
4225
5137
8289
7545
3126
7105
6545
9788
6047
1085
3424
6036
5753
7306
5240
9466
2663
2994
8728
3984
5428
7939
5613
8098
5257
5638
6444
8622
4155
4528
9896
7825
2732
4315
1694
6105
2370
7648
3963
5507
4205
7235
57
1007
3762
7990
7792
6656
4893
3994
2323
3623
3785
3636
1760
1195
2103
331
5446
6970
7670
9137
5369
5950
5484
373
1917
5411
919
7523
4349
7924
8426
2203
1044
1345
7424
3628
1372
1994
6041
4561
571
9839
4550
9314
9110
9322
8312
2492
2466
5811
1066
7291
8280
855
1925
7746
236
8081
6658
3372
2506
6196
5188
1111
5710
2991
7113
8509
1675
1062
2775
9302
8035
3147
4234
5711
9158
3459
1755
3456
3386
6367
2503
644
5466
6258
1389
3257
5735
2474
559
4789
4139
6898
7267
7696
4132
9679
7694
9241
5593
7387
1170
1465
255
3656
5088
9093
4984
2653
5133
9989
8239
1546
3347
4987
402
6392
399
8981
2705
2079
7453
2886
6087
7227
6119
7885
3280
9737
3941
43
1665
3071
2244
7339
5260
5782
133
196
304
1794
1425
1813
785
7715
7780
2611
9
9436
3583
4113
4416
8987
2990
103
802
5695
3986
3568
2254
8628
6159
6089
9559
4646
4591
5534
4667
686
4544
2463
3457
7927
5202
7640
4647
1830
6802
56
7253
2135
9535
4037
3974
2276
9007
9709
6892
580
4668
4442
7708
6758
4900
8235
7032
1803
7277
9198
3848
5554
3812
174
1015
2966
8558
7103
3291
8462
4706
264
9491
6914
2026
3666
9812
8195
2820
8933
4062
6485
9262
9218
4308
6763
3639
1588
6790
2950
5106
7351
3302
9844
4931
9193
5123
770
9833
4150
6663
5311
3297
4304
8950
6220
8694
7504
1578
7251
6084
3013
5543
4595
5429
5667
6227
1956
7590
1235
2812
1348
892
2178
4586
2627
9574
3393
6804
8000
9967
8115
8155
3417
6934
9677
6583
8220
4524
40
2495
8531
9527
3304
3763
1034
5353
9575
2165
819
1412
7472
4539
9249
6211
6574
2424
1268
7861
4449
7411
1328
8972
8440
362
1480
6550
3235
8849
5482
451
2914
8093
4972
3870
9594
8958
6113
5129
7851
5910
1286
8448
9169
141
3316
8270
8422
3452
1901
7947
1957
2698
7544
5555
6690
424
3113
762
8749
1861
4757
4763
9935
6342
4323
5216
2375
6745
6948
7039
9413
1041
1023
3189
9636
3753
1297
3497
181
273
4872
933
6886
6015
3398
3989
7327
351
6955
5394
8275
8121
160
8593
2729
3462
4563
5872
2473
5535
456
9557
5845
9815
2162
3976
126
247
2501
231
6649
6076
9011
1682
8545
8647
994
8322
1850
3195
4032
291
2888
5049
4390
3034
8258
5643
4286
7159
8193
2821
6082
8472
9319
2248
8360
2090
7907
5159
5352
2062
8564
1881
168
8683
8759
4797
3755
4873
95
5656
7687
984
7668
6407
7493
1271
1902
9289
8221
7350
6953
5085
2973
8254
4885
1859
8364
852
8678
6090
9883
9455
5014
8324
6451
2144
3802
5925
4800
6746
5242
5138
9023
5158
4063
2349
4773
5918
6974
3184
3642
5586
999
3081
6537
6680
4643
3930
1849
952
3968
1891
5384
585
129
8834
2621
1361
4470
948
3481
8474
4619
5444
3939
9163
4891
6468
955
7375
2841
8382
4542
6959
349
20
8222
6042
8378
1632
4069
3188
282
8874
6885
6080
7053
1947
9350
62
8567
7055
8612
4347
3524
7148
8742
406
9564
991
7600
7809
6318
8490
3840
8668
9141
9534
4709
6678
6380
5800
3546
3007
8939
2000
9197
5185
4120
9771
7288
1422
4147
4899
1375
1397
447
9992
9793
3169
34
8951
7550
9668
6902
8605
495
9225
6312
2148
2924
8206
6536
4879
2038
5897
7396
692
2763
1464
8768
7449
272
6336
7929
1553
1167
9293
3273
1432
8646
2055
8869
9913
6585
1579
4637
7310
4611
5995
7309
4689
5683
8753
6499
5136
1333
6116
2737
7126
1792
427
7462
1365
4830
8610
3992
3288
3058
9435
5151
8629
3318
9861
2779
5642
9735
1381
1368
5773
1950
4258
4488
3266
1676
4168
1834
4841
625
977
7683
527
3979
6529
8092
3391
5764
9514
9653
6017
7349
5251
5807
8
529
8124
1604
1914
6809
6489
2491
3816
2618
8606
8716
8778
3552
7690
6347
2484
4854
7748
3627
8460
8395
9185
6300
722
9408
4418
8832
9639
6551
5347
4345
7867
5767
3461
3208
1022
157
7586
8689
3899
2187
6868
7161
9313
4905
628
3720
6158
8449
2970
2415
3303
5015
2155
6093
2683
8544
2070
720
6506
557
7820
7752
7739
7877
4104
7473
3943
149
2631
8179
8249
1299
6100
6377
2434
4634
6744
9321
2195
2160
876
6282
3250
8086
7441
9663
6230
5267
5019
1822
1598
2522
8267
5756
6612
7336
3342
7328
2572
8511
417
7017
5280
6904
8285
1711
8955
9544
5221
2660
8636
332
2035
7955
6524
5050
5759
5223
654
8250
5916
6493
7535
5591
6001
6178
3089
4746
7295
2641
9254
6289
6435
6325
8998
2912
9740
9122
1220
9923
3771
9054
588
5071
8751
9530
2552
2809
9320
5122
4777
5326
5616
5021
5418
1320
2280
4444
6831
8961
5748
8702
7007
2927
4047
4928
3227
9351
8562
8837
1596
5051
1607
6302
7738
5596
9387
5957
4806
3918
6740
8928
817
6916
3981
1329
258
5176
8561
5152
8010
8052
1482
626
1208
3032
6261
4325
1937
4396
9118
854
7980
6567
8127
6482
3745
1852
2511
8245
8949
9609
4543
8978
9892
830
520
2893
6996
5006
7188
6738
6750
5498
550
1496
3847
806
5215
7084
1670
6780
2439
8352
3358
904
8002
4491
4992
8913
9914
7434
2605
4296
1228
9736
5187
3009
8575
4252
3362
1416
883
389
6327
6689
1522
7935
3905
7122
80
8421
2791
8897
2446
2031
3904
1118
9558
2223
3122
7422
6586
7157
1426
8469
2382
4206
2004
3095
7445
2312
8809
5193
6157
8717
5696
6556
9470
6271
6944
3287
3621
8228
9337
3175
6128
6967
9410
2239
1828
9462
3346
340
1444
2858
8465
309
7558
1722
4675
9454
9994
4914
5760
1334
5430
3486
7718
143
4368
3140
7383
437
4492
3991
477
6103
1292
5632
194
8776
5013
5130
829
5592
7556
1058
6707
5375
6054
3713
9354
9485
2091
9465
5342
6040
8089
6609
4101
9604
9648
2240
4370
8885
9987
8831
5114
7768
7677
2988
7713
7936
4391
2100
8655
2394
2877
7834
8715
2845
2247
5004
491
1288
8892
7486
3370
8455
5624
2881
1225
3014
4527
7362
8417
9567
1191
5876
274
8130
7231
9974
9610
4808
5472
1337
4835
1514
5360
6249
4997
1622
2101
2721
2668
954
747
3965
4967
663
1571
9201
1357
3719
7133
6697
7177
4422
6973
6734
9782
9490
7853
8674
4734
3182
4336
1498
8727
7156
7841
857
3097
8427
7098
1555
5339
3216
8638
4367
7006
5163
9390
2422
1663
6720
6401
8475
6845
1442
4086
6365
6662
2807
8163
6818
1904
8540
7605
586
7045
5890
6335
9593
9242
2498
8512
3177
3723
6472
8453
9882
5341
5476
1335
9608
5817
9115
7160
8061
9099
8371
3416
1777
7977
228
5902
1379
1689
666
2263
649
330
2860
2320
1524
5293
8066
6175
2788
1217
9062
6783
2903
7978
3865
2606
5900
8791
2275
7197
6592
7674
8184
4940
844
3697
8662
9083
7725
8197
4497
5896
4993
2817
5479
2803
5232
7276
7317
9993
7963
9906
7064
415
9067
8732
522
2131
82
8615
5196
139
2437
2839
3814
7022
26
3344
6765
3648
5104
7284
3428
7330
7361
2760
6053
2696
4943
3662
8538
1900
277
3950
3711
6826
3654
6736
6427
1064
8725
5779
8008
5278
8810
9775
6792
9400
7120
6459
3087
2300
6926
5179
8104
7995
8425
2233
2056
2688
8660
1094
3804
3130
8774
5949
1971
5005
4979
1469
998
6086
45
5305
7028
86
9691
1130
4888
4060
7264
2582
4204
6108
4297
6601
1462
8332
9956
2545
4676
7136
8624
1976
6616
4125
9529
8739
7782
9157
1725
8271
7712
5467
9526
3875
8696
3142
7571
5475
9943
4017
3673
764
4202
1673
6647
4222
4863
2460
7624
10000
1121
1627
6641
6304
5047
2201
934
8921
4909
4476
782
3046
9958
4500
8594
5709
431
4369
9920
7541
5646
5065
8765
3938
7171
6822
9936
9652
9720
237
8805
4134
5330
275
6352
6255
1585
5382
9243
6854
3378
9816
9385
4259
2946
5951
2833
9680
1171
4432
4915
5952
8463
8272
540
9251
357
96
7144
8870
7753
9300
5569
4346
8370
1884
1092
2960
6767
9525
3123
8085
1647
6384
5054
9005
2518
7517
6277
1509
6450
9445
4397
3682
2840
6730
3855
1470
3743
9282
7173
9866
6709
4091
4735
8517
3810
2715
4640
4635
4051
2297
5536
5025
4793
7686
3801
148
5209
9006
2588
9869
3892
3957
6632
7269
9279
633
6438
9649
9002
5909
376
8880
4173
4890
3111
4419
5547
2315
5115
1997
6519
169
6789
1327
1531
2987
5148
5528
3653
8033
3532
7200
9991
6924
5723
1932
4824
3607
5245
409
4535
5154
3761
5077
2252
7008
1608
2352
8557
6938
5994
1716
5462
1601
3141
1563
9543
324
4148
5250
2479
9621
9755
7699
6605
5492
4663
5556
8642
7817
3159
418
6434
8915
2940
2954
9552
2313
3806
4839
8247
9346
3436
8006
7824
8441
4085
3920
6048
2557
476
5061
6287
738
4652
926
8326
4480
8893
5832
8229
1091
2919
3051
7632
8032
1045
8330
9247
9596
749
5958
842
1000
7695
1611
7367
5094
8362
460
3319
6366
7989
4685
9276
4880
3670
5694
4082
2528
9401
9867
3439
5866
8936
7904
5178
2570
253
8682
3299
815
8889
8327
6512
4223
494
1561
4606
5175
1215
5321
9568
5124
8781
9438
1606
8023
3086
8143
8232
822
6470
1680
6711
8547
8650
1349
8860
7702
8374
8648
548
9713
7525
2535
715
2920
8019
3382
4475
6964
9521
6508
1643
4661
5777
1958
9614
9113
931
9602
4208
1131
9721
8844
492
6096
3115
4621
8384
6085
9340
1258
4679
787
523
481
2842
4111
9117
6870
8757
6252
4316
5848
3333
9661
5060
5630
4332
7208
7001
7331
8314
5954
4354
9921
9655
1653
831
7565
2829
4341
1510
2564
5438
5204
9496
4467
4322
3137
6225
8795
9444
768
6795
5331
3110
9551
528
8471
1708
6522
1833
2383
8353
7764
6960
8122
1123
592
6915
4889
7610
6483
5996
1868
6290
9951
634
7991
9764
5208
6510
6895
5561
5700
7012
7807
2464
8956
689
4902
8286
2309
6908
4523
1419
6722
8585
4064
7759
6414
1221
2333
4759
9175
1793
1428
8945
8063
6156
1866
3944
1407
8852
1441
70
4440
4027
4833
7647
352
1609
1710
9195
7731
4760
1476
9191
3052
3837
7862
6760
8672
8481
572
245
3695
1808
9909
3212
4048
7597
8744
5707
7572
9037
5885
7659
2512
2179
1805
9806
1014
5825
2983
9335
9865
9430
8277
9842
960
6989
3060
6532
3521
6145
9692
5393
2532
7093
1314
545
8489
7454
4300
8565
864
9576
5100
4503
9214
5195
9071
578
638
9724
3690
6393
464
4964
4236
9873
9571
4859
2206
3002
7946
6075
1582
5533
2928
3518
2691
8376
8354
5451
436
653
2076
3859
3217
9025
5093
5644
3770
811
6517
3619
2770
5020
718
5557
2739
6910
7465
9628
596
3889
1615
2343
7353
7409
1903
8681
7932
7406
75
1358
2010
5190
8349
8859
3292
9690
5048
2866
3187
5041
6356
8653
3451
5359
3520
3114
9383
5639
4350
2892
927
1099
8482
5720
7048
7421
1302
6374
1445
8756
8049
2699
283
8906
8960
1331
2773
1380
1409
5879
5886
7457
7888
5367
3641
9481
3118
6095
9204
7508
4469
6840
9034
646
3823
639
5662
8335
4658
9087
2304
3567
4520
4875
4946
3782
7630
6629
4581
1398
3525
3011
1055
2620
5337
290
6825
9330
2445
5043
5893
2310
7882
7305
8954
6055
9305
3701
2896
9718
8030
1403
8571
8625
6705
5715
9851
9696
9682
4896
3699
4672
4403
5470
6842
7321
2316
3205
9382
4754
8807
3376
8136
4924
1056
1207
6013
5495
2510
8845
8546
3858
8087
1311
8149
3775
7261
5362
6166
1826
1037
9618
2319
5820
5081
9427
8850
7401
8508
3361
3088
7750
4131
9585
8055
3296
4386
6260
5941
980
5527
3050
3544
6942
493
8507
8863
4324
5488
8393
6010
3637
1344
4684
9678
9660
7560
4922
9060
2401
4960
9143
3596
41
3807
4664
7183
9615
4405
9853
8957
1537
9244
9236
1493
848
3199
9349
3731
2753
7879
7097
2245
2453
2977
3091
8659
7313
9903
8157
820
6210
1474
2486
1929
684
1559
3754
5851
9503
5835
7289
8974
5108
8644
4995
7031
54
9727
2939
8003
5112
9449
3016
4146
8671
5629
455
3422
6797
4604
3919
7021
6622
9230
3047
4427
2689
4705
8560
9129
2381
1650
5689
227
9940
7949
5736
7584
9482
4058
9629
478
4495
9820
7951
4607
4710
9310
1789
6376
1309
232
675
2173
5211
1165
7872
9058
2362
8613
4521
7091
9945
223
3540
9520
8165
3709
8621
1661
7803
8773
6827
3093
2182
2796
6198
6246
3717
7603
1107
7811
9153
6867
7471
5790
4006
618
4011
9707
8411
9325
3082
9960
3465
1529
5659
4901
6799
4814
7404
5433
850
1181
9932
5419
1356
4174
719
7716
4217
8310
836
7733
1315
3635
301
4301
3569
130
3824
8973
1948
9261
4578
4110
7407
5923
2358
1383
9502
4996
5265
162
6779
3000
2125
388
5907
3255
267
8084
1821
7216
869
5078
9085
6600
9431
3190
239
4374
3392
5032
6332
171
6044
8215
1679
1724
5628
469
5830
6317
5416
3394
1788
3853
3696
3244
4869
2399
1084
6292
4568
4203
4026
2640
2872
9742
867
5252
2801
4998
7311
5276
7443
837
5692
8652